400
100
45
60
71
78
51
54
49
61
35
80
62
59
36
27
78
35
53
28
26
72
48
55
65
80
60
74
72
39
22
60
62
74
67
31
38
72
55
71
40
50
34
59
67
69
49
78
21
69
21
75
80
24
72
48
38
32
41
30
68
80
56
58
58
21
76
71
59
40
22
24
42
30
44
25
22
48
66
38
68
78
44
69
26
63
20
74
65
71
26
38
47
68
25
56
39
56
33
37
53
77
46
39
61
29
77
57
29
75
45
69
44
78
35
24
49
69
26
27
58
66
34
22
39
38
70
36
80
65
59
64
38
21
80
71
58
46
55
41
45
65
72
29
40
38
30
41
42
30
40
50
30
48
28
60
64
35
44
75
72
61
53
73
26
62
58
23
28
71
78
21
56
46
54
73
35
55
37
78
47
52
67
69
43
45
34
41
53
60
29
50
79
42
52
70
74
45
69
80
26
52
49
46
23
25
54
70
44
37
59
26
52
57
22
71
34
70
38
28
59
49
76
46
45
41
63
70
21
42
27
32
67
33
67
70
70
40
28
41
56
28
68
22
65
39
21
36
75
34
40
37
63
75
31
23
67
33
50
26
50
23
52
48
76
52
30
39
50
32
32
26
64
56
34
38
75
59
56
34
45
78
80
62
78
21
76
43
71
63
72
54
61
58
52
29
21
27
53
51
59
64
38
21
39
70
51
39
56
40
36
56
25
58
72
31
74
61
73
31
40
79
40
71
47
73
40
55
57
51
20
58
51
57
23
65
23
62
78
31
54
47
51
30
33
33
78
59
80
73
74
43
54
68
55
52
63
31
27
26
79
71
44
49
40
29
39
75
26
43
76
75
69
52
43
40
76
75
64
32
42
75
38
61
24
37
68
30
22
54
63
62
76
51
38
78
36
33
62
44
48
23
