600
100
55
54
75
55
46
50
80
32
72
22
44
45
32
52
69
45
41
69
61
27
62
62
54
21
60
34
57
28
52
23
63
79
55
24
75
43
80
68
44
74
75
50
38
54
65
80
73
48
44
68
61
38
66
28
25
23
68
39
32
46
38
69
35
73
38
54
80
68
47
60
74
35
28
21
35
21
20
74
50
45
80
25
53
65
66
50
30
38
23
51
34
59
80
75
64
77
79
28
69
32
36
27
32
74
59
55
29
79
50
63
54
30
36
22
68
23
61
79
50
22
43
75
46
39
29
40
59
65
65
37
45
71
50
24
62
29
37
44
39
49
64
28
49
62
73
33
48
70
66
43
54
74
35
75
43
55
28
50
76
65
23
63
56
64
44
35
58
75
54
78
69
42
80
77
74
50
34
37
44
23
49
63
27
64
63
62
65
47
27
26
71
20
23
59
47
61
74
80
54
71
39
55
27
78
20
34
79
47
52
67
49
55
59
32
42
71
52
28
76
40
64
49
78
80
51
26
31
38
51
56
67
38
40
66
59
23
62
63
43
24
20
45
65
20
39
42
49
20
79
65
31
57
38
76
45
73
31
76
47
66
24
62
31
66
54
66
78
50
61
43
45
30
70
45
50
53
36
77
33
35
55
76
47
69
66
42
28
63
39
42
76
74
68
27
41
80
44
45
65
37
73
49
24
73
77
66
38
41
62
54
57
34
26
63
34
36
36
63
25
22
63
77
60
63
43
27
79
26
46
32
72
47
34
46
70
31
23
42
64
64
28
60
25
52
62
79
58
79
26
52
38
60
65
24
70
39
70
31
41
36
76
20
54
50
61
56
38
57
40
73
29
51
28
77
65
39
25
24
62
79
46
32
40
39
48
42
74
79
58
59
48
58
57
55
56
39
22
39
34
63
76
59
71
33
64
80
78
64
35
61
74
75
31
79
48
40
69
36
31
28
61
53
24
36
24
64
42
37
65
70
71
48
65
62
32
44
41
70
31
52
45
56
80
23
59
38
48
41
56
46
58
68
67
80
53
65
54
48
38
54
67
72
78
31
58
66
26
74
43
43
61
48
31
46
76
51
28
73
78
57
67
34
57
58
56
48
77
77
51
60
78
54
35
27
54
78
20
53
42
74
57
29
34
72
70
50
40
64
34
44
36
26
22
56
49
78
41
43
58
41
41
65
45
48
38
20
33
45
37
32
58
74
78
63
55
60
50
49
68
37
63
47
32
69
28
41
72
63
55
34
26
39
65
49
38
67
39
68
52
67
70
24
79
39
37
60
41
51
48
32
22
29
35
42
58
44
77
59
49
73
43
54
75
65
79
61
43
71
78
79
31
40
45
54
28
25
59
65
26
37
